[a2.jpg]
moddate=8fe44921a7d8cf01
width=1920
height=1080
text=1;136;13;ADD &#010; CONTACT;Chiller;0.028735,0.047050,0.176584,6.266178;v1,4293326329,4278190080,128.000000,1.000000,0.000000,1.000000,400,0,49152;;
textactive=1
